   0.0000000e+00   3.9826208e-01   5.2835820e-01   5.5128867e-01   5.6167994e-01   4.8586021e-01   5.2162355e-01   5.4663442e-01   5.5504860e-01   4.6452862e-01   8.2226716e-01   5.9398920e-01   0.0000000e+00   1.0000000e+00             Inf
   0.0000000e+00   0.0000000e+00   4.9866886e-01   5.1673372e-01   4.9925768e-01   4.9892506e-01   4.8473773e-01   4.9592345e-01   5.1578216e-01   4.8340897e-01   1.0010574e+00   0.0000000e+00   0.0000000e+00   1.0000000e+00             Inf
   0.0000000e+00   1.0000000e+00   4.7144329e-01   4.8965929e-01   4.9160435e-01   4.7654543e-01   5.0002275e-01   5.1512653e-01   4.9580124e-01   4.9611459e-01   6.1342837e-17   1.0018046e+00   0.0000000e+00   1.0000000e+00             Inf
   1.0000000e+00   1.0000000e+00   4.9604000e-01   5.3282317e-01   5.2747507e-01   5.0472565e-01   4.9315824e-01   5.1014625e-01   5.5166698e-01   4.8982605e-01   3.7673703e-33   6.1525826e-17   1.0047930e+00   1.0000000e+00             Inf
   1.0000000e+00   3.5872164e-01   5.0683894e-01   3.1009076e-01   4.7919288e-01   4.7000412e-01   5.0539243e-01   4.8448771e-01   5.3309527e-01   4.6529675e-01   5.3837332e-17   3.4014756e-17   1.0400143e+00   1.0000000e+00             Inf
   8.9875407e-01   4.1271438e-01   5.0419928e-01   4.8885074e-01   4.8506012e-01   4.4648779e-01   5.1472146e-01   5.1058575e-01   5.0120290e-01   5.1137639e-01   1.2670283e-01   9.5978662e-02   9.9102209e-01   1.0000000e+00   4.7211388e-02
   5.7287666e-01   5.2485437e-01   5.0392848e-01   4.8756957e-01   4.1750625e-01   5.5222472e-01   5.4056358e-01   5.1491652e-01   4.8327926e-01   3.2972793e-01   4.3936206e-01   4.7508112e-01   8.1523760e-01   1.0000000e+00   4.5421382e-02
   7.4115895e-02   8.8601678e-01   4.5837376e-01   4.8599146e-01   4.9515741e-01   4.5864732e-01   5.0654811e-01   5.1846327e-01   4.8446052e-01   4.8040497e-01   1.7771016e-01   9.8191915e-01   1.1670082e-01   1.0000000e+00   4.0863205e-02
   1.3418965e-01   1.4185159e-01   4.9041708e-01   5.3835504e-01   4.8689286e-01   5.1221486e-01   4.6515372e-01   4.8406299e-01   5.1452998e-01   4.7898422e-01   9.5751191e-01   2.1695523e-01   2.1006516e-01   1.0000000e+00   4.0294223e-02
   3.9835246e-02   2.9397008e-01   5.3455313e-01   5.6029913e-01   5.7602066e-01   4.8771200e-01   5.1378530e-01   5.4445389e-01   5.4333355e-01   4.8222677e-01   9.0702436e-01   4.5138212e-01   6.3477715e-02   1.0000000e+00   3.8938708e-02
   2.2187846e-01   7.8665398e-01   5.5466299e-01   4.5382250e-01   5.4688218e-01   5.2434787e-01   4.6536929e-01   4.9364195e-01   6.2732364e-01   6.1541553e-01   3.2106929e-01   9.2192627e-01   3.5472339e-01   1.0000000e+00   3.8239021e-02
   6.4810834e-02   6.3167081e-02   4.9024288e-01   5.2334160e-01   5.0464277e-01   4.9492929e-01   4.8954344e-01   4.7694896e-01   5.1557798e-01   4.7999753e-01   9.9188024e-01   9.8741208e-02   1.0182914e-01   1.0000000e+00   3.8211262e-02
   7.3845855e-01   3.7954342e-01   5.0949720e-01   6.2032797e-01   4.6443318e-01   4.6576005e-01   4.9564641e-01   4.0149880e-01   4.8208950e-01   4.8162563e-01   3.3952151e-01   2.3038279e-01   9.4189776e-01   1.0000000e+00   3.7677712e-02
   2.8629650e-01   5.2262628e-01   4.8639755e-01   5.3885241e-01   6.3135723e-01   4.6984854e-01   5.3020511e-01   5.7060317e-01   5.6066616e-01   5.1246841e-01   6.3193256e-01   6.7852762e-01   4.4757111e-01   1.0000000e+00   3.7363945e-02
   6.0562470e-01   4.2007918e-01   5.0352805e-01   5.8526086e-01   4.4279869e-01   4.6735304e-01   5.0090624e-01   4.4085695e-01   4.9787231e-01   4.5959723e-01   4.6641740e-01   3.6188334e-01   8.2782040e-01   1.0000000e+00   3.6882260e-02
   7.4943432e-01   4.2326997e-01   5.0676780e-01   4.8914147e-01   4.8546063e-01   4.4650079e-01   5.1452157e-01   5.0970772e-01   5.0131750e-01   5.1157618e-01   3.0292657e-01   2.3747609e-01   9.2693602e-01   1.0000000e+00   3.6550978e-02
   8.6231683e-01   4.1525341e-01   5.0661682e-01   4.9249946e-01   4.8426088e-01   4.4308965e-01   5.1452294e-01   5.0688270e-01   5.0124173e-01   5.0647337e-01   1.7119851e-01   1.3076244e-01   9.8050188e-01   1.0000000e+00   3.5992258e-02
   4.9830001e-01   2.7674399e-01   4.4547681e-01   4.7017455e-01   6.0179500e-01   5.0002502e-01   5.5453522e-01   5.8065948e-01   5.1498411e-01   5.5491488e-01   6.6037798e-01   3.0663475e-01   7.2421793e-01   1.0000000e+00   3.5717535e-02
   5.5789669e-02   2.1884442e-01   5.3400537e-01   5.5451095e-01   5.5625475e-01   4.8350611e-01   5.1809274e-01   5.4528954e-01   5.4441720e-01   4.8068909e-01   9.4940656e-01   3.3986194e-01   8.8597618e-02   1.0000000e+00   3.5079285e-02
   1.1030427e-01   9.8765818e-01   4.7564396e-01   4.7317170e-01   4.9292296e-01   4.5716184e-01   5.0123450e-01   5.0738160e-01   5.0475384e-01   4.8596394e-01   1.9161346e-02   9.8826308e-01   1.7299879e-01   1.0000000e+00   3.3838112e-02
   5.5185658e-01   4.3850470e-01   5.0983673e-01   5.8956476e-01   4.4517572e-01   4.5888034e-01   5.0211460e-01   4.4212132e-01   4.9808091e-01   4.6397973e-01   5.0839467e-01   4.1857319e-01   7.7561457e-01   1.0000000e+00   3.3200696e-02
   5.6907213e-01   3.9197909e-01   5.1053587e-01   5.8817997e-01   4.4996398e-01   4.6059021e-01   5.0175096e-01   4.4203774e-01   4.9586908e-01   4.7053163e-01   5.1962960e-01   3.6762040e-01   7.9213993e-01   1.0000000e+00   3.3031506e-02
   5.0913962e-01   3.3049410e-01   4.5565631e-01   4.7024888e-01   5.9849608e-01   4.9138706e-01   5.7334697e-01   5.7355694e-01   5.1231582e-01   5.6383220e-01   6.2179242e-01   3.5530402e-01   7.3701084e-01   1.0000000e+00   3.2745784e-02
   5.7168046e-01   4.4316745e-01   5.0802714e-01   5.8150587e-01   4.4950839e-01   4.6078966e-01   4.9814127e-01   4.4488014e-01   4.9894799e-01   4.5988909e-01   4.8557257e-01   4.0578675e-01   7.9415821e-01   1.0000000e+00   3.2739365e-02
   2.9401360e-01   3.3538415e-01   3.7593441e-01   4.6320404e-01   5.4106959e-01   3.9323689e-01   5.5650814e-01   5.7782811e-01   4.9187063e-01   5.3379023e-01   8.0502935e-01   4.6824815e-01   4.6354475e-01   1.0000000e+00   3.2555790e-02
   5.8361522e-01   6.1581310e-02   3.9215126e-01   6.7012877e-01   6.3633550e-01   5.3453019e-01   5.4361762e-01   5.6265346e-01   4.8340533e-01   6.2558731e-01   6.5536174e-01   6.3592722e-02   8.5888271e-01   1.0000000e+00   3.2406665e-02
   3.0242217e-01   7.5661049e-01   4.9601201e-01   5.5674699e-01   4.4894458e-01   5.6278084e-01   5.0919914e-01   3.7672723e-01   4.0154210e-01   3.4862932e-01   3.5089401e-01   8.7265374e-01   4.8375513e-01   1.0000000e+00   3.2290057e-02
   8.3785935e-01   4.6252710e-01   5.0859278e-01   5.0160982e-01   4.7496333e-01   4.4063730e-01   5.1536919e-01   5.1005680e-01   5.0294077e-01   5.0521735e-01   1.8919050e-01   1.6813328e-01   9.7219347e-01   1.0000000e+00   3.1962499e-02
   8.6980918e-01   4.1484099e-01   5.0657389e-01   4.9038319e-01   4.8488071e-01   4.4346114e-01   5.1464450e-01   5.0936819e-01   5.0127403e-01   5.0971576e-01   1.6210799e-01   1.2365285e-01   9.8303866e-01   1.0000000e+00   3.1755795e-02
   4.8886855e-01   9.0895890e-01   5.1870641e-01   4.8760289e-01   4.4404646e-01   4.2627679e-01   4.1637601e-01   4.8027707e-01   5.8524260e-01   5.5402103e-01   1.0525435e-01   7.3098406e-01   7.1313775e-01   1.0000000e+00   3.1741731e-02
   4.3955015e-01   9.8347465e-01   4.1526188e-01   4.9828600e-01   4.4205498e-01   4.7715819e-01   5.3752630e-01   5.5658931e-01   4.9919868e-01   5.4471325e-01   2.0364037e-02   7.8432466e-01   6.4813516e-01   1.0000000e+00   3.1302440e-02
   1.6255791e-01   6.6759324e-01   5.2718654e-01   5.7555500e-01   5.2422238e-01   5.2469368e-01   5.3080864e-01   5.9793081e-01   4.4391497e-01   5.3122995e-01   4.9333145e-01   8.5735449e-01   2.5821329e-01   1.0000000e+00   3.0848784e-02
   2.0148655e-01   3.8170032e-01   4.9870044e-01   5.4567173e-01   5.9686332e-01   4.6247532e-01   4.9648181e-01   4.7579840e-01   6.0492633e-01   5.4018253e-01   8.0504964e-01   5.5026013e-01   3.1936036e-01   1.0000000e+00   3.0653326e-02
   6.2016768e-01   4.0009260e-01   5.1178068e-01   6.0532237e-01   4.6452875e-01   4.6714923e-01   4.9778616e-01   4.2296106e-01   4.9213875e-01   4.7610358e-01   4.6366533e-01   3.3697563e-01   8.4389039e-01   1.0000000e+00   3.0653227e-02
   4.4652019e-02   5.1516195e-02   4.8929594e-01   5.2333862e-01   5.0944273e-01   4.9381202e-01   4.7775022e-01   4.7569663e-01   5.1527623e-01   4.7690075e-01   9.9690121e-01   8.0847238e-02   7.0266704e-02   1.0000000e+00   2.9873884e-02
   2.7531608e-02   4.4144908e-01   3.9779280e-01   5.3654136e-01   4.7573610e-01   5.0133398e-01   4.9058166e-01   5.8071443e-01   5.7464531e-01   4.8524019e-01   7.8736956e-01   6.5439321e-01   4.4303753e-02   1.0000000e+00   2.9570765e-02
   1.0000000e+00   4.0631989e-01   5.0472666e-01   3.7288726e-01   4.5546255e-01   4.7052325e-01   5.0785725e-01   4.7674158e-01   5.2888862e-01   4.5599391e-01   5.0280171e-17   3.7298874e-17   1.0224062e+00   1.0000000e+00   2.9453947e-02
   3.2804521e-01   6.5645605e-01   6.0634104e-01   5.4323478e-01   4.2568194e-01   5.9662481e-01   4.3413954e-01   5.4635218e-01   5.6789205e-01   3.4691507e-01   4.7507854e-01   7.9320275e-01   5.2362179e-01   1.0000000e+00   2.8939106e-02
   2.6532207e-01   5.2975491e-01   4.8645085e-01   5.4093273e-01   6.4044439e-01   4.6994508e-01   5.2988698e-01   5.7057091e-01   5.6100324e-01   5.1197843e-01   6.3550465e-01   6.9787057e-01   4.1785127e-01   1.0000000e+00   2.8913189e-02
   8.2707129e-02   8.0019655e-01   5.0915204e-01   4.8756851e-01   5.1686622e-01   5.0426716e-01   3.9476780e-01   4.5260016e-01   4.6872673e-01   4.5408702e-01   3.1130968e-01   9.5912016e-01   1.3174648e-01   1.0000000e+00   2.8588882e-02
   1.1964477e-01   3.3828238e-01   5.0063926e-01   5.4769676e-01   5.8097827e-01   4.6120521e-01   4.9575594e-01   4.8888289e-01   6.1594228e-01   5.6758229e-01   8.7106059e-01   5.1197672e-01   1.9215595e-01   1.0000000e+00   2.8269632e-02
   4.5017160e-01   9.7740399e-01   4.1461485e-01   4.9658996e-01   4.4883989e-01   4.8588295e-01   5.4156961e-01   5.5072545e-01   4.9654943e-01   5.4317222e-01   2.7417382e-02   7.7213278e-01   6.6023958e-01   1.0000000e+00   2.8062671e-02
   2.8176692e-01   7.9126913e-01   5.4716517e-01   4.7596308e-01   5.4595412e-01   5.1918799e-01   4.6369538e-01   4.9597079e-01   6.3011749e-01   6.0222462e-01   3.0089356e-01   8.8458869e-01   4.4284950e-01   1.0000000e+00   2.7638568e-02
   6.1843858e-01   1.5457170e-01   4.5924744e-01   5.2927325e-01   6.2926339e-01   4.2196863e-01   5.4015436e-01   5.7978419e-01   5.1769092e-01   5.2673046e-01   5.6635695e-01   1.4027932e-01   8.5403831e-01   1.0000000e+00   2.7145793e-02
   9.8948268e-01   4.6300334e-01   5.0381393e-01   4.9623510e-01   4.8987811e-01   4.4168784e-01   5.1339190e-01   5.1029594e-01   5.0248236e-01   5.0250285e-01   1.2387272e-02   1.1025144e-02   1.0036923e+00   1.0000000e+00   2.7104484e-02
   4.7029405e-01   8.7153186e-01   5.4168644e-01   5.7820894e-01   4.8006949e-01   4.1970315e-01   5.5315559e-01   6.2117564e-01   5.7193881e-01   5.5371317e-01   1.5414937e-01   7.5348506e-01   7.0046906e-01   1.0000000e+00   2.7052294e-02
   8.7598244e-02   2.4782816e-01   5.2130750e-01   5.5162411e-01   5.7454371e-01   4.8484023e-01   5.2608880e-01   5.4919650e-01   5.3995198e-01   4.7123890e-01   9.2965915e-01   3.8136696e-01   1.3914449e-01   1.0000000e+00   2.6846002e-02
   6.5369873e-01   3.7014513e-02   3.8566112e-01   6.7374948e-01   6.3361906e-01   5.3721127e-01   5.4054526e-01   5.9694311e-01   4.7729669e-01   6.3755103e-01   5.6469992e-01   3.2869978e-02   9.3521965e-01   1.0000000e+00   2.6640987e-02
   8.8904766e-01   4.2245351e-01   5.0654190e-01   4.9117278e-01   4.8513469e-01   4.4705733e-01   5.1420218e-01   5.0597272e-01   5.0110898e-01   5.1152837e-01   1.3708461e-01   1.0718246e-01   9.8831389e-01   1.0000000e+00   2.6622436e-02
   4.9668196e-02   2.5670299e-01   5.3922745e-01   5.5531444e-01   5.6283220e-01   4.8227289e-01   5.1824718e-01   5.4567787e-01   5.4390706e-01   4.8019380e-01   9.2947253e-01   3.9651631e-01   7.8999484e-02   1.0000000e+00   2.6457023e-02
   9.1825993e-01   4.5318233e-01   5.0788904e-01   4.9906681e-01   4.8650269e-01   4.4545052e-01   5.1598870e-01   5.0867055e-01   5.0618658e-01   5.1332019e-01   9.7314148e-02   8.3959046e-02   9.9550486e-01   1.0000000e+00   2.6346446e-02
   5.3743818e-01   4.3091368e-01   5.0921435e-01   5.8296576e-01   4.4862119e-01   4.6092727e-01   5.0197559e-01   4.4318505e-01   4.9804870e-01   4.6489603e-01   5.2594280e-01   4.2260038e-01   7.5910591e-01   1.0000000e+00   2.6202032e-02
   1.7627684e-01   4.8929158e-01   5.6690994e-01   5.8797176e-01   4.7246250e-01   4.5964830e-01   5.2299213e-01   5.1392833e-01   5.9780098e-01   5.0678506e-01   7.0876037e-01   6.8530888e-01   2.8018709e-01   1.0000000e+00   2.6101030e-02
   9.7186355e-03   3.3159778e-01   5.2545704e-01   5.5318021e-01   5.7169195e-01   5.0622427e-01   5.1742025e-01   5.3365996e-01   5.4336427e-01   4.7211084e-01   8.7834156e-01   5.0392303e-01   1.5460029e-02   1.0000000e+00   2.6069945e-02
   2.9212372e-01   3.7567198e-01   3.7665307e-01   4.6582339e-01   5.3650973e-01   3.9738525e-01   5.5894040e-01   5.7453761e-01   4.9597989e-01   5.3296378e-01   7.7352093e-01   5.1803201e-01   4.5993127e-01   1.0000000e+00   2.6033124e-02
   5.2710149e-01   6.5440671e-01   5.1334176e-01   4.6783374e-01   4.1155119e-01   5.6747686e-01   5.3580591e-01   5.3510370e-01   4.5510076e-01   3.4275580e-01   3.6437374e-01   6.0394831e-01   7.6811712e-01   1.0000000e+00   2.5746783e-02
   8.2489515e-01   4.3962043e-01   5.0889577e-01   5.0238535e-01   4.8340807e-01   4.4522082e-01   5.1503288e-01   5.0897576e-01   5.0503962e-01   5.1229060e-01   2.1017859e-01   1.7366387e-01   9.6610991e-01   1.0000000e+00   2.5701178e-02
   1.2488996e-01   3.4141034e-01   5.0036190e-01   5.4733565e-01   5.8331472e-01   4.6267436e-01   4.9388882e-01   4.8957516e-01   6.1220119e-01   5.6737722e-01   8.6660511e-01   5.1510355e-01   2.0034936e-01   1.0000000e+00   2.5564213e-02
   3.4836920e-01   4.7004347e-01   5.8477797e-01   5.5597574e-01   4.5554898e-01   6.3196979e-01   4.1683746e-01   5.8976794e-01   5.6251031e-01   3.6310433e-01   6.7411565e-01   6.1348219e-01   5.5534781e-01   1.0000000e+00   2.5524737e-02
   6.6152322e-03   2.3805446e-01   5.2342510e-01   5.4944776e-01   5.6495331e-01   4.8659727e-01   5.2478945e-01   5.5156691e-01   5.4482735e-01   4.7577563e-01   9.4319211e-01   3.7010591e-01   1.0528805e-02   1.0000000e+00   2.5428223e-02
   1.9431071e-01   3.8645975e-01   4.9923077e-01   5.4822579e-01   5.9480567e-01   4.6680508e-01   4.9825831e-01   4.7761021e-01   6.0218692e-01   5.4111606e-01   8.0299878e-01   5.5771171e-01   3.0803412e-01   1.0000000e+00   2.5099298e-02
   3.3421224e-01   4.5607804e-01   5.5669178e-01   7.4925118e-01   4.8150721e-01   4.8943083e-01   4.8677739e-01   5.2331535e-01   5.3430215e-01   5.2459857e-01   6.9717925e-01   6.0705395e-01   5.3542375e-01   1.0000000e+00   2.4961409e-02
   3.4315167e-01   4.8190595e-01   5.7781345e-01   5.5407659e-01   4.5122128e-01   6.3047599e-01   4.1471119e-01   5.8858955e-01   5.5601651e-01   3.6762169e-01   6.6387779e-01   6.2717357e-01   5.4623292e-01   1.0000000e+00   2.4762766e-02
   2.9212500e-01   7.5453501e-01   4.9171536e-01   5.5710971e-01   4.4266930e-01   5.6012772e-01   5.0778598e-01   3.8285292e-01   3.7793279e-01   3.5177955e-01   3.5771723e-01   8.8131095e-01   4.6990281e-01   1.0000000e+00   2.4728002e-02
   2.7012944e-01   4.6107976e-01   3.9516809e-01   5.8749052e-01   5.8153775e-01   4.0662480e-01   5.7615361e-01   5.5769035e-01   5.8188261e-01   5.6202563e-01   7.1921559e-01   6.3624507e-01   4.3380429e-01   1.0000000e+00   2.4688072e-02
   6.4613088e-01   3.3198861e-02   3.8171500e-01   6.8241106e-01   6.3587429e-01   5.3976951e-01   5.4025312e-01   5.6095514e-01   4.7400550e-01   6.2253042e-01   5.7350138e-01   2.9934463e-02   9.2448398e-01   1.0000000e+00   2.4510251e-02
   1.3301132e-01   2.5272540e-02   4.8885841e-01   5.3970176e-01   4.7800518e-01   5.1142719e-01   4.5920477e-01   4.8536280e-01   5.1772191e-01   4.7143801e-01   9.8268512e-01   3.9031153e-02   2.0852099e-01   1.0000000e+00   2.4277422e-02
   3.6170595e-02   7.5369660e-02   4.9021682e-01   5.2944180e-01   5.0648449e-01   4.9433670e-01   4.9012061e-01   4.7969048e-01   5.1796584e-01   4.7655180e-01   9.9379621e-01   1.1820872e-01   5.6923458e-02   1.0000000e+00   2.4216383e-02
   4.8701847e-01   9.5423427e-01   5.2070971e-01   4.8994205e-01   4.4407159e-01   4.2595381e-01   4.1584800e-01   4.7878920e-01   5.8372319e-01   5.5166558e-01   5.3179568e-02   7.3847450e-01   7.1079126e-01   1.0000000e+00   2.4206535e-02
   1.9120372e-01   4.1126005e-01   5.0022285e-01   5.4529162e-01   5.9510532e-01   4.6140115e-01   5.0000715e-01   4.8004936e-01   6.0455639e-01   5.4136455e-01   7.8229763e-01   5.8979055e-01   3.0342879e-01   1.0000000e+00   2.4098128e-02
   0.0000000e+00   3.1778684e-01   5.2399173e-01   5.5573740e-01   5.7314202e-01   5.0300370e-01   5.1960756e-01   5.3384232e-01   5.4503334e-01   4.7118076e-01   8.8976681e-01   4.8513304e-01   0.0000000e+00   1.0000000e+00   2.4053809e-02
   3.0899273e-02   4.2917781e-01   4.0031544e-01   5.3268278e-01   4.7387388e-01   5.0146107e-01   4.8874840e-01   5.8764832e-01   5.7572660e-01   4.8459481e-01   8.0019232e-01   6.3937995e-01   4.9753175e-02   1.0000000e+00   2.3969452e-02
   4.3140633e-01   2.1592351e-01   3.8343828e-01   5.6843751e-01   5.8547235e-01   4.9749351e-01   5.2964065e-01   5.4180295e-01   5.0637599e-01   5.1023952e-01   7.5549586e-01   2.6654300e-01   6.4474192e-01   1.0000000e+00   2.3853003e-02
   4.6595678e-01   6.4955293e-01   5.3283846e-01   4.6795518e-01   4.1307689e-01   5.8113510e-01   5.2949677e-01   5.4303819e-01   4.4807095e-01   3.2831994e-01   4.0902575e-01   6.6641842e-01   7.0247630e-01   1.0000000e+00   2.3759754e-02
   9.2358756e-02   3.8966522e-01   5.3870870e-01   6.0351139e-01   4.5238208e-01   4.5728409e-01   5.2739372e-01   5.1380869e-01   5.9575566e-01   5.2059482e-01   8.3159004e-01   5.8379820e-01   1.4844856e-01   1.0000000e+00   2.3596078e-02
   1.3919591e-01   7.9789572e-01   5.0797334e-01   4.8128966e-01   5.1720247e-01   5.0446869e-01   4.0045520e-01   4.5281648e-01   4.6719535e-01   4.5877496e-01   3.0949301e-01   9.4191643e-01   2.2030305e-01   1.0000000e+00   2.3122888e-02
   2.1233496e-01   9.7623648e-01   4.8237842e-01   4.3702282e-01   5.0085705e-01   4.8969276e-01   5.0073980e-01   4.2533688e-01   4.2041729e-01   3.9517937e-01   3.6224314e-02   9.6999096e-01   3.3631615e-01   1.0000000e+00   2.3067686e-02
   3.3006594e-01   6.0080936e-01   5.3777340e-01   6.7578905e-01   3.8394243e-01   6.4822463e-01   5.4909849e-01   4.9201068e-01   5.4924058e-01   3.6449836e-01   5.5603698e-01   7.6736893e-01   5.4065761e-01   1.0000000e+00   2.2939328e-02
   2.5866006e-02   3.1068211e-01   5.2528662e-01   5.5419727e-01   5.7336600e-01   5.0724825e-01   5.1921816e-01   5.3370081e-01   5.4270287e-01   4.7987380e-01   8.9378319e-01   4.7446066e-01   4.1136761e-02   1.0000000e+00   2.2927598e-02
   1.0020703e-01   6.0454360e-01   4.1876308e-01   4.7242801e-01   5.2608812e-01   5.6919041e-01   4.4780672e-01   4.3164219e-01   6.3320063e-01   5.5488395e-01   5.9835620e-01   8.3605019e-01   1.6317936e-01   1.0000000e+00   2.2830913e-02
   3.3055366e-01   5.4632603e-01   5.7450804e-01   5.5731232e-01   4.5227774e-01   6.4091250e-01   4.2023080e-01   5.7846540e-01   5.5964169e-01   3.6626233e-01   6.0451071e-01   6.9957528e-01   5.2843445e-01   1.0000000e+00   2.2667941e-02
   2.6052739e-01   4.9233368e-01   3.9164653e-01   5.8823403e-01   5.8158906e-01   4.1316362e-01   5.7713142e-01   5.5896618e-01   5.8108346e-01   5.6018245e-01   6.9150300e-01   6.7504591e-01   4.1913475e-01   1.0000000e+00   2.2487922e-02
   3.6765760e-01   6.6873164e-01   5.0243253e-01   5.0812935e-01   4.3587336e-01   5.9093496e-01   5.0936765e-01   5.0168074e-01   3.7957440e-01   3.8267462e-01   4.3355544e-01   7.5659707e-01   5.6822463e-01   1.0000000e+00   2.2470759e-02
   4.6466801e-01   1.2642957e-01   3.7807740e-01   5.6524685e-01   5.8493340e-01   4.9875829e-01   5.2849117e-01   5.4414900e-01   5.0202038e-01   5.0636614e-01   7.5188564e-01   1.5131535e-01   6.8622659e-01   1.0000000e+00   2.2459598e-02
   3.5033677e-01   4.7841793e-01   5.7799860e-01   5.5410702e-01   4.4496029e-01   6.3176492e-01   4.0591795e-01   5.8865669e-01   5.5643805e-01   3.6754765e-01   6.6442393e-01   6.2083560e-01   5.5790507e-01   1.0000000e+00   2.2452503e-02
   1.4135635e-01   8.3929875e-01   4.8571275e-01   4.3527530e-01   5.0189448e-01   4.9635762e-01   4.9755549e-01   4.4473210e-01   4.1071111e-01   4.1774289e-01   2.4903586e-01   9.6551415e-01   2.2511302e-01   1.0000000e+00   2.2361768e-02
   5.0564971e-01   3.7414478e-01   4.5350460e-01   4.6959655e-01   5.9928315e-01   4.9227057e-01   5.8702861e-01   5.7674162e-01   5.1088039e-01   5.5329133e-01   6.0038060e-01   3.9999592e-01   7.3434432e-01   1.0000000e+00   2.2356103e-02
   6.0728239e-01   2.8366195e-01   5.0414318e-01   4.8544592e-01   4.9787470e-01   3.2150766e-01   5.5311114e-01   4.0316944e-01   4.7898539e-01   4.2608442e-01   5.4821257e-01   2.6183143e-01   8.5663121e-01   1.0000000e+00   2.2340893e-02
   4.8089153e-01   9.5847356e-01   5.2072178e-01   4.8038699e-01   4.4492529e-01   4.2483601e-01   4.1403946e-01   4.7855726e-01   5.8377373e-01   5.5627136e-01   4.8760503e-02   7.4646079e-01   7.0444124e-01   1.0000000e+00   2.2264023e-02
   1.1244156e-01   9.7922618e-01   4.7598135e-01   4.7800730e-01   4.9201685e-01   4.5330485e-01   5.0098909e-01   5.0654868e-01   5.0164338e-01   4.8512445e-01   3.2232830e-02   9.8743376e-01   1.7633364e-01   1.0000000e+00   2.2203143e-02
   2.7846117e-01   8.0801313e-01   5.4739329e-01   4.7506742e-01   5.4410764e-01   5.3325195e-01   4.6074996e-01   4.9482621e-01   6.2738659e-01   6.0932167e-01   2.7865426e-01   8.9582216e-01   4.3869822e-01   1.0000000e+00   2.2193457e-02
   2.3311729e-01   9.6703396e-01   4.8919584e-01   4.3577093e-01   5.0440361e-01   4.8956804e-01   4.9953962e-01   4.2480495e-01   4.2042992e-01   3.9795460e-01   4.9621941e-02   9.5741164e-01   3.6763595e-01   1.0000000e+00   2.2189535e-02
   9.8008876e-01   4.5222252e-01   5.0869333e-01   4.8587306e-01   4.7726319e-01   4.5023209e-01   5.1506398e-01   5.0888718e-01   5.0341890e-01   5.1890236e-01   2.3801412e-02   2.0472463e-02   1.0034528e+00   1.0000000e+00   2.2171816e-02
   3.6317871e-01   2.5783181e-01   3.7197560e-01   4.9252853e-01   4.3314526e-01   2.9875945e-01   4.7427275e-01   5.9150541e-01   4.8069919e-01   6.3701240e-01   8.4286016e-01   3.6133501e-01   5.8841959e-01   1.0000000e+00   2.2154326e-02
   4.5017059e-01   1.0000000e+00   4.2970301e-01   5.1633497e-01   4.8317211e-01   4.0876406e-01   4.7599734e-01   4.4648055e-01   5.7587858e-01   5.0449434e-01   4.7623024e-17   7.7774301e-01   6.6461579e-01   1.0000000e+00   2.1880320e-02
   2.4882898e-01   2.0061359e-01   5.5944043e-01   5.7244717e-01   5.7216183e-01   5.5837516e-01   4.9528932e-01   5.2034803e-01   5.5007266e-01   5.9937672e-01   9.0561532e-01   2.9521756e-01   3.9249516e-01   1.0000000e+00   2.1693921e-02
   6.3475390e-01   1.5848458e-01   4.5953200e-01   5.3028917e-01   6.2848707e-01   4.2363826e-01   5.4152879e-01   5.7880485e-01   5.1803769e-01   5.2531079e-01   5.4381191e-01   1.3824817e-01   8.6826849e-01   1.0000000e+00   2.1654422e-02
   3.6402884e-01   9.0067675e-01   4.4375584e-01   4.9591514e-01   4.9870481e-01   4.1061524e-01   4.7602228e-01   4.7111452e-01   5.6685377e-01   5.2833838e-01   1.3299868e-01   8.4553709e-01   5.5082077e-01   1.0000000e+00   2.1635464e-02
   2.6388723e-01   4.5871531e-01   3.9290385e-01   5.8827970e-01   5.8138475e-01   4.0620315e-01   5.7726811e-01   5.5726377e-01   5.8048135e-01   5.6207166e-01   7.2512918e-01   6.3669132e-01   4.2459877e-01   1.0000000e+00   2.1608457e-02
   1.5727520e-01   4.9860112e-01   3.7521625e-01   5.9362265e-01   5.2537205e-01   3.5915233e-01   6.2387890e-01   4.7620311e-01   5.3463927e-01   5.4189940e-01   7.3090423e-01   7.2769915e-01   2.6011581e-01   1.0000000e+00   2.1427969e-02
   6.3937527e-01   3.9968100e-01   5.1196258e-01   6.0539517e-01   4.6421187e-01   4.6847200e-01   4.9684610e-01   4.1688122e-01   4.9014840e-01   4.7606711e-01   4.4349160e-01   3.2187610e-01   8.6161821e-01   1.0000000e+00   2.1367855e-02
   1.8144671e-01   3.5846766e-01   5.0121384e-01   5.4538207e-01   5.9554861e-01   4.6478402e-01   4.9510415e-01   4.7654475e-01   5.9887725e-01   5.4180939e-01   8.3140649e-01   5.2482372e-01   2.8806968e-01   1.0000000e+00   2.1319045e-02
   3.0612450e-01   4.3263703e-01   3.8963360e-01   4.6483977e-01   5.4981172e-01   4.0056083e-01   5.5641065e-01   5.7906825e-01   4.9442888e-01   5.3650268e-01   7.1485487e-01   5.7758462e-01   4.7946265e-01   1.0000000e+00   2.1241277e-02
   1.3334769e-01   1.0036963e-01   4.9328514e-01   5.4064580e-01   4.7367646e-01   5.1123527e-01   4.5966521e-01   4.8513318e-01   5.2144750e-01   4.7195204e-01   9.7143157e-01   1.5443787e-01   2.0910045e-01   1.0000000e+00   2.1091685e-02
   1.1070975e-01   6.0935798e-01   4.2088800e-01   4.7056830e-01   5.2513358e-01   5.6163150e-01   4.4938419e-01   4.2900572e-01   6.3998697e-01   5.5996343e-01   5.9116294e-01   8.3933922e-01   1.8035483e-01   1.0000000e+00   2.1052779e-02
   5.5733423e-02   4.7754514e-02   4.9325428e-01   5.2255878e-01   5.0360569e-01   4.9086817e-01   4.8915545e-01   4.7983442e-01   5.1656718e-01   4.7897483e-01   9.9524799e-01   7.4796497e-02   8.7599458e-02   1.0000000e+00   2.0944455e-02
   1.3381069e-01   4.3049098e-02   4.9038636e-01   5.4007510e-01   4.7919225e-01   5.1111633e-01   4.5947276e-01   4.8512438e-01   5.1894556e-01   4.7144950e-01   9.8092074e-01   6.6432487e-02   2.0974939e-01   1.0000000e+00   2.0778797e-02
   5.4934607e-01   4.3705048e-01   5.1082813e-01   5.8766945e-01   4.4875176e-01   4.5999639e-01   5.0144370e-01   4.4211725e-01   4.9858576e-01   4.6381549e-01   5.1132046e-01   4.1902599e-01   7.7242127e-01   1.0000000e+00   2.0670249e-02
   2.3026597e-02   2.5018657e-01   5.3576641e-01   5.6106818e-01   5.7246559e-01   4.8923022e-01   5.1717794e-01   5.4485898e-01   5.3974294e-01   4.7387255e-01   9.3696015e-01   3.8842334e-01   3.6702666e-02   1.0000000e+00   2.0596276e-02
   5.9184223e-01   4.9167251e-03   3.9425934e-01   6.6952119e-01   6.2742942e-01   5.3736777e-01   5.3602758e-01   5.6109593e-01   4.8033606e-01   6.3061711e-01   6.4595137e-01   4.9888939e-03   8.6555740e-01   1.0000000e+00   2.0490013e-02
   6.1612682e-01   2.7637140e-01   5.0326223e-01   4.8374867e-01   4.9809018e-01   3.3002260e-01   5.4728781e-01   4.0063106e-01   4.8057780e-01   4.2978244e-01   5.3846969e-01   2.4964582e-01   8.6201821e-01   1.0000000e+00   2.0363207e-02
   2.6051960e-01   8.2399536e-01   5.3028437e-01   4.6180584e-01   5.3592505e-01   5.2026647e-01   4.7705407e-01   4.8595458e-01   6.1087720e-01   6.2600187e-01   2.5867747e-01   9.1169157e-01   4.1101599e-01   1.0000000e+00   2.0346537e-02
   5.8942575e-01   4.7163828e-02   3.9230087e-01   6.6689747e-01   6.3161015e-01   5.3723334e-01   5.4296323e-01   5.6089750e-01   4.7956440e-01   6.2261572e-01   6.4695299e-01   4.8017242e-02   8.6240926e-01   1.0000000e+00   2.0342520e-02
   1.5798773e-01   8.0661923e-01   5.0723123e-01   4.7865752e-01   5.1616398e-01   5.0024036e-01   3.9984000e-01   4.5175584e-01   4.6142924e-01   4.5611832e-01   2.9474474e-01   9.4028606e-01   2.4969024e-01   1.0000000e+00   2.0335608e-02
   5.1371016e-01   6.5404016e-01   5.2408070e-01   4.6788250e-01   4.1130321e-01   5.6746992e-01   5.3139989e-01   5.3397786e-01   4.6404661e-01   3.4553085e-01   3.7245091e-01   6.1653335e-01   7.5201312e-01   1.0000000e+00   2.0301967e-02
   3.8414528e-01   9.4810162e-01   4.1499698e-01   4.9514469e-01   4.4941487e-01   4.8918050e-01   5.3892715e-01   5.6739369e-01   4.9588333e-01   5.4823658e-01   6.8279742e-02   8.3570808e-01   5.7785606e-01   1.0000000e+00   2.0052764e-02
   4.0851543e-01   9.2994177e-01   4.0776883e-01   4.9948159e-01   4.5592216e-01   4.8833228e-01   5.3960419e-01   5.5763158e-01   4.9403351e-01   5.4666247e-01   8.9535319e-02   8.1032123e-01   6.0914142e-01   1.0000000e+00   2.0012188e-02
   2.2758665e-02   4.3302252e-01   3.9998078e-01   5.3421285e-01   4.7625661e-01   5.0135872e-01   4.9001278e-01   5.8685689e-01   5.7731873e-01   4.8464688e-01   7.9684470e-01   6.4462821e-01   3.6656517e-02   1.0000000e+00   1.9929543e-02
   1.4030646e-02   2.8458334e-01   5.3217704e-01   5.5778866e-01   5.6999358e-01   4.8692448e-01   5.1487999e-01   5.4422303e-01   5.4846188e-01   4.8097544e-01   9.1444030e-01   4.3837172e-01   2.2353357e-02   1.0000000e+00   1.9853629e-02
   1.1586854e-01   1.3589943e-01   4.8824205e-01   5.3683566e-01   4.8488928e-01   5.1346112e-01   4.6158763e-01   4.8506151e-01   5.1451687e-01   4.7975322e-01   9.6521905e-01   2.0923355e-01   1.8176724e-01   1.0000000e+00   1.9825970e-02
   4.7804724e-01   6.5917253e-01   5.3302132e-01   4.7209717e-01   4.1921494e-01   5.8117916e-01   5.2946598e-01   5.4310334e-01   4.4707102e-01   3.3381832e-01   3.9091021e-01   6.5903652e-01   7.1514680e-01   1.0000000e+00   1.9739783e-02
   4.5115212e-01   9.6851893e-01   4.1895578e-01   4.9321170e-01   4.4805674e-01   4.8557510e-01   5.4129992e-01   5.5071890e-01   4.9655195e-01   5.4245957e-01   3.8114801e-02   7.7014082e-01   6.6098457e-01   1.0000000e+00   1.9658415e-02
   2.5722129e-01   2.0742577e-01   5.6756787e-01   5.7057339e-01   5.7290061e-01   5.5872845e-01   4.9478501e-01   5.2023540e-01   5.5261100e-01   6.0011008e-01   8.9857441e-01   3.0359698e-01   4.0553638e-01   1.0000000e+00   1.9607643e-02
   6.8461708e-01   3.9319486e-01   5.1175849e-01   6.1180260e-01   4.6432718e-01   4.6527293e-01   4.9689189e-01   4.1263731e-01   4.8988940e-01   4.7665911e-01   3.9663099e-01   2.8174115e-01   9.0036917e-01   1.0000000e+00   1.9538455e-02
   1.4725969e-01   8.2630166e-01   5.1096230e-01   4.7812285e-01   5.1294160e-01   5.0426272e-01   4.0066967e-01   4.5103015e-01   4.6617819e-01   4.7222856e-01   2.6621985e-01   9.5138604e-01   2.3268832e-01   1.0000000e+00   1.9431969e-02
   4.6808385e-01   1.7355628e-01   3.6005527e-01   5.6521040e-01   5.9460467e-01   5.0462003e-01   5.2921457e-01   5.4895135e-01   5.0674740e-01   5.0788468e-01   7.4009478e-01   2.0691759e-01   6.9504263e-01   1.0000000e+00   1.9362884e-02
   9.5791324e-02   2.4736303e-01   5.2127114e-01   5.5204849e-01   5.7244347e-01   4.8471972e-01   5.2595436e-01   5.4947240e-01   5.3998035e-01   4.7125795e-01   9.2798262e-01   3.7988734e-01   1.5202842e-01   1.0000000e+00   1.9361257e-02
   1.4377257e-01   7.8057585e-01   5.0729123e-01   4.8096608e-01   5.1816443e-01   5.0461055e-01   4.0185332e-01   4.5160331e-01   4.6523758e-01   4.5936792e-01   3.3444426e-01   9.3159782e-01   2.2741603e-01   1.0000000e+00   1.9309194e-02
   3.2165558e-01   5.4529087e-01   5.7775463e-01   5.5610723e-01   4.5439821e-01   6.2899752e-01   4.1756486e-01   5.7881134e-01   5.5852783e-01   3.5556732e-01   6.1058341e-01   7.0428488e-01   5.1559304e-01   1.0000000e+00   1.9255425e-02
   1.7116741e-01   5.0769784e-01   5.6578787e-01   5.8688123e-01   4.7378583e-01   4.5954708e-01   5.2239187e-01   5.1589828e-01   5.9725557e-01   5.0539286e-01   6.8986859e-01   7.0675705e-01   2.7213415e-01   1.0000000e+00   1.9243092e-02
   3.3495178e-01   5.3819814e-01   5.7865025e-01   5.5545326e-01   4.5411700e-01   6.2793188e-01   4.1851554e-01   5.8227317e-01   5.5946800e-01   3.5968338e-01   6.1063140e-01   6.8868608e-01   5.3452491e-01   1.0000000e+00   1.9167810e-02
   6.3621791e-01   4.2759458e-02   3.8669339e-01   6.7082378e-01   6.3916517e-01   5.3895829e-01   5.3879065e-01   5.5770130e-01   4.8082305e-01   6.3615021e-01   5.8636746e-01   3.9443523e-02   9.1400745e-01   1.0000000e+00   1.9167568e-02
   6.7113290e-01   3.7084209e-01   5.1223608e-01   6.0726976e-01   4.6472211e-01   4.6494360e-01   4.9709057e-01   4.0839563e-01   4.9081889e-01   4.7630984e-01   4.2201514e-01   2.7801192e-01   8.8966307e-01   1.0000000e+00   1.8899244e-02
   3.4503845e-01   6.9025002e-01   5.0962724e-01   5.0396642e-01   4.3107637e-01   5.7113457e-01   5.1169776e-01   5.0205502e-01   3.7544045e-01   3.6950455e-01   4.1763776e-01   7.8953012e-01   5.3781450e-01   1.0000000e+00   1.8806336e-02
   6.0821926e-01   3.5600334e-02   4.0226550e-01   6.4907172e-01   6.3031840e-01   5.5801843e-01   4.2825418e-01   5.7168660e-01   4.9756145e-01   5.8621535e-01   6.1664926e-01   3.4519556e-02   8.7357241e-01   1.0000000e+00   1.8689924e-02
   2.9583079e-01   7.3081470e-01   4.9782258e-01   5.5659006e-01   4.3992491e-01   5.6059789e-01   5.0919026e-01   3.7445406e-01   3.9936442e-01   3.5593681e-01   3.8782355e-01   8.6187305e-01   4.7378684e-01   1.0000000e+00   1.8657683e-02
   2.9902248e-01   8.6302720e-01   5.4224451e-01   4.6673885e-01   5.3479585e-01   5.1058470e-01   4.6430119e-01   4.9158854e-01   6.2213701e-01   6.1330195e-01   1.9672089e-01   9.0016352e-01   4.6770031e-01   1.0000000e+00   1.8523811e-02
   5.2142880e-01   6.7855608e-01   5.1599609e-01   4.6713580e-01   4.1694391e-01   5.5216283e-01   5.3493183e-01   5.3548594e-01   4.5524964e-01   3.4053169e-01   3.4385112e-01   6.2211634e-01   7.6035694e-01   1.0000000e+00   1.8477093e-02
   1.6994076e-02   3.2646167e-01   5.2943256e-01   5.5330761e-01   5.7301331e-01   5.0431793e-01   5.1930422e-01   5.3365266e-01   5.4294278e-01   4.7250739e-01   8.8252687e-01   4.9690400e-01   2.7042386e-02   1.0000000e+00   1.8465915e-02
   8.3346880e-01   4.4279944e-01   5.0809042e-01   4.8898931e-01   4.8598212e-01   4.4422727e-01   5.1849319e-01   5.0867393e-01   5.0768118e-01   5.0782804e-01   1.9933868e-01   1.6638916e-01   9.6987504e-01   1.0000000e+00   1.8418844e-02
   2.5345321e-01   2.0477466e-01   5.6331720e-01   5.7243005e-01   5.7215509e-01   5.5980261e-01   4.9517442e-01   5.2047359e-01   5.5020869e-01   5.9965663e-01   9.0156460e-01   3.0043010e-01   3.9968145e-01   1.0000000e+00   1.8193127e-02
   4.6416537e-01   9.2514161e-01   5.0963405e-01   5.0415468e-01   4.3461129e-01   4.7321116e-01   5.4097344e-01   6.2989869e-01   5.1609041e-01   5.4216184e-01   8.9738760e-02   7.5964654e-01   6.8332205e-01   1.0000000e+00   1.8107698e-02
   2.0839663e-01   5.0132752e-01   5.7917733e-01   5.8503204e-01   4.7814609e-01   4.5250539e-01   5.2131058e-01   5.1280154e-01   5.9674080e-01   5.0640337e-01   6.8570009e-01   6.8856580e-01   3.2997407e-01   1.0000000e+00   1.8107215e-02
   4.9337025e-01   9.3588925e-01   5.1995576e-01   4.8524295e-01   4.4539291e-01   4.2577677e-01   4.1270096e-01   4.7869443e-01   5.8052509e-01   5.5124129e-01   7.3713718e-02   7.2950118e-01   7.1810143e-01   1.0000000e+00   1.8079724e-02
   1.3906680e-02   9.6794474e-01   4.6726674e-01   4.9090222e-01   4.9465800e-01   4.7258129e-01   4.9925383e-01   5.1520700e-01   4.9532746e-01   4.9996676e-01   5.0429108e-02   1.0006792e+00   2.1890621e-02   1.0000000e+00   1.8012488e-02
   6.8650307e-01   3.5450804e-01   5.1186337e-01   6.1024260e-01   4.6393521e-01   4.6706459e-01   4.9661397e-01   4.0657966e-01   4.8832493e-01   4.7628784e-01   4.1102886e-01   2.5589990e-01   9.0243344e-01   1.0000000e+00   1.7974955e-02
   2.3518256e-01   7.7893866e-01   5.2907757e-01   4.5603843e-01   5.5987846e-01   5.1888647e-01   4.8187406e-01   4.8877077e-01   6.1475680e-01   6.2359722e-01   3.2865147e-01   9.0811150e-01   3.7393997e-01   1.0000000e+00   1.7918586e-02
   4.5536543e-01   3.8756521e-01   5.6727676e-01   5.1400405e-01   4.3138071e-01   4.1812206e-01   4.7673902e-01   4.3626498e-01   4.8741834e-01   4.5145781e-01   6.3368132e-01   4.4174773e-01   6.7108354e-01   1.0000000e+00   1.7898604e-02
   8.1488815e-02   7.8636143e-01   5.0863336e-01   4.8757789e-01   5.1648781e-01   5.0325278e-01   3.9242519e-01   4.5283075e-01   4.6634888e-01   4.5794098e-01   3.3224639e-01   9.5261079e-01   1.2984997e-01   1.0000000e+00   1.7887298e-02
   8.7699754e-01   4.6332927e-01   5.0678950e-01   4.9868208e-01   4.7975006e-01   4.4531340e-01   5.1830224e-01   5.0859665e-01   5.0685658e-01   5.1298823e-01   1.4394819e-01   1.2825151e-01   9.8538990e-01   1.0000000e+00   1.7854092e-02
   3.1067513e-01   6.2646987e-01   5.3603699e-01   6.7443054e-01   3.7969995e-01   6.4173319e-01   5.4919053e-01   4.9291021e-01   5.4864624e-01   3.6853840e-01   5.3225219e-01   8.0056692e-01   5.1031631e-01   1.0000000e+00   1.7829221e-02
   2.4017137e-01   8.4947716e-01   5.3175534e-01   4.5648418e-01   5.5463501e-01   5.1772610e-01   4.8260032e-01   4.8791617e-01   6.1445439e-01   6.2639294e-01   2.2555109e-01   9.3610041e-01   3.8153500e-01   1.0000000e+00   1.7792845e-02
   4.0182419e-01   9.3504710e-01   4.1774286e-01   5.1035207e-01   4.4996888e-01   4.9031359e-01   5.4008369e-01   5.6478522e-01   4.8803533e-01   5.4825663e-01   8.3686403e-02   8.1738343e-01   6.0057297e-01   1.0000000e+00   1.7776784e-02
   1.7132926e-01   5.1962556e-01   5.7013681e-01   5.8658113e-01   4.7403666e-01   4.5879413e-01   5.2190698e-01   5.1589277e-01   6.0113675e-01   5.0559250e-01   6.7734257e-01   7.2044694e-01   2.7274099e-01   1.0000000e+00   1.7776663e-02
   6.1332656e-01   3.7838723e-01   5.1411385e-01   6.0730240e-01   4.6787102e-01   4.6869268e-01   4.9605243e-01   4.2332450e-01   4.9213887e-01   4.7458378e-01   4.8245644e-01   3.2609341e-01   8.3783527e-01   1.0000000e+00   1.7769083e-02
   8.3815202e-01   4.4204292e-01   5.0811864e-01   4.9745447e-01   4.8433951e-01   4.4377525e-01   5.1854124e-01   5.0876937e-01   5.0767865e-01   5.1041928e-01   1.9405502e-01   1.6158797e-01   9.7179353e-01   1.0000000e+00   1.7761230e-02
   1.4522876e-01   6.3278667e-01   4.2430215e-01   4.6823708e-01   5.2687746e-01   5.5653568e-01   4.4716434e-01   4.3290913e-01   6.4033207e-01   5.5540409e-01   5.5285802e-01   8.4972838e-01   2.3535865e-01   1.0000000e+00   1.7664075e-02
   4.5631471e-01   1.4997371e-01   3.7117660e-01   5.7221697e-01   5.9597274e-01   4.9119933e-01   5.2392742e-01   5.4799800e-01   5.1038110e-01   5.0065292e-01   7.5808964e-01   1.8196811e-01   6.7934998e-01   1.0000000e+00   1.7640463e-02
   2.6138317e-01   8.5256817e-01   5.4754311e-01   4.7454881e-01   5.4379340e-01   5.3299986e-01   4.6043909e-01   4.9474096e-01   6.2999771e-01   6.0299270e-01   2.1781394e-01   9.2365951e-01   4.1311669e-01   1.0000000e+00   1.7505725e-02
   2.2489221e-02   2.6487754e-01   5.3671783e-01   5.5605784e-01   5.7349623e-01   4.8829851e-01   5.1435900e-01   5.4459275e-01   5.4010897e-01   4.7805309e-01   9.2719924e-01   4.0969730e-01   3.5824204e-02   1.0000000e+00   1.7459365e-02
   2.7674457e-01   8.2362206e-01   5.3150362e-01   4.6194984e-01   5.5232434e-01   5.2036517e-01   4.7770831e-01   4.8921807e-01   6.1749429e-01   6.2799036e-01   2.5711168e-01   9.0415371e-01   4.3647339e-01   1.0000000e+00   1.7380093e-02
   2.4586503e-01   9.4244774e-01   4.8950650e-01   4.3365803e-01   5.0416354e-01   4.8992380e-01   4.9943423e-01   4.2510674e-01   4.1963020e-01   3.9990841e-01   8.5864660e-02   9.4721113e-01   3.8673831e-01   1.0000000e+00   1.7345791e-02
   3.2551741e-01   8.0198566e-01   5.4171436e-01   4.0973777e-01   4.6369609e-01   4.9598487e-01   3.4634313e-01   4.8198830e-01   6.6173565e-01   5.2383743e-01   2.8342185e-01   8.8163000e-01   5.1961139e-01   1.0000000e+00   1.7288816e-02
   3.0006630e-01   7.4325307e-01   4.9605907e-01   5.5636342e-01   4.4705399e-01   5.6317067e-01   5.0878437e-01   3.7430699e-01   3.9373867e-01   3.4775873e-01   3.7075501e-01   8.6891935e-01   4.8147857e-01   1.0000000e+00   1.7246443e-02
   4.6569534e-01   1.3728693e-01   3.7611100e-01   5.6504322e-01   5.8414003e-01   4.9833910e-01   5.2775030e-01   5.4415991e-01   5.0061147e-01   5.0606423e-01   7.4831352e-01   1.6392264e-01   6.8764757e-01   1.0000000e+00   1.7128099e-02
   6.3294179e-01   3.9988994e-01   5.1154399e-01   6.0566477e-01   4.6432424e-01   4.6727959e-01   4.9733088e-01   4.1704090e-01   4.9106047e-01   4.7605359e-01   4.5043916e-01   3.2714424e-01   8.5609505e-01   1.0000000e+00   1.7012501e-02
   2.1830301e-01   8.4188571e-01   5.3292436e-01   4.5669198e-01   5.5907405e-01   5.1571812e-01   4.8384499e-01   4.8868896e-01   6.1329346e-01   6.2592991e-01   2.3979141e-01   9.4554444e-01   3.4825864e-01   1.0000000e+00   1.7002489e-02
   1.0000000e+00   9.7671940e-01   4.9869094e-01   5.3328952e-01   5.3533188e-01   5.0485894e-01   4.9250997e-01   5.0920746e-01   5.5240919e-01   4.8951833e-01   2.2507542e-18   6.1520570e-17   1.0053793e+00   1.0000000e+00   1.6935573e-02
   3.5471262e-01   5.9310644e-01   5.9409696e-01   5.3958285e-01   4.1382811e-01   5.7049094e-01   4.4798125e-01   5.3562628e-01   5.7909729e-01   3.2607834e-01   5.3833406e-01   7.2432795e-01   5.6226654e-01   1.0000000e+00   1.6897550e-02
   6.3126536e-01   7.3602464e-03   3.8248205e-01   6.8054937e-01   6.4016846e-01   5.3767820e-01   5.3972025e-01   5.6154983e-01   4.8024573e-01   6.2255067e-01   5.9562541e-01   6.8865991e-03   9.1075342e-01   1.0000000e+00   1.6832384e-02
   4.3134087e-01   9.3705079e-01   4.0892287e-01   4.9706438e-01   4.5557623e-01   4.8979625e-01   5.3843415e-01   5.6369957e-01   4.9555551e-01   5.5285631e-01   7.8353953e-02   7.8982724e-01   6.3862635e-01   1.0000000e+00   1.6752519e-02
   1.7093435e-04   3.8358972e-01   5.2840018e-01   5.5111059e-01   5.5969117e-01   4.8470880e-01   5.2120110e-01   5.4371995e-01   5.5482815e-01   4.6443547e-01   8.3530700e-01   5.7458603e-01   2.7222117e-04   1.0000000e+00   1.6698633e-02
   2.1159219e-01   1.0000000e+00   4.8289868e-01   4.3956846e-01   5.0119321e-01   4.9011596e-01   5.0072917e-01   4.2446979e-01   4.2221664e-01   3.9064873e-01   5.9487834e-17   9.7151006e-01   3.3533913e-01   1.0000000e+00   1.6607495e-02
   5.9950494e-01   5.1518459e-01   5.0321977e-01   4.8748419e-01   4.1777085e-01   5.4772297e-01   5.4045746e-01   5.1433049e-01   4.8246087e-01   3.2824078e-01   4.2261939e-01   4.4327658e-01   8.4159511e-01   1.0000000e+00   1.6542434e-02
   7.9182237e-01   4.5798772e-01   4.9416551e-01   5.0493922e-01   4.7968142e-01   4.4999037e-01   5.1639017e-01   5.0695796e-01   4.9543119e-01   5.0262456e-01   2.4241324e-01   2.1235799e-01   9.5015000e-01   1.0000000e+00   1.6400899e-02
   3.2378659e-01   4.3254236e-01   3.9138735e-01   4.6540840e-01   5.4413702e-01   3.9749706e-01   5.5265822e-01   5.8098021e-01   4.9420158e-01   5.3168659e-01   7.0379768e-01   5.6847773e-01   5.0439850e-01   1.0000000e+00   1.6174083e-02
   3.1866877e-01   4.2696041e-01   3.9527685e-01   4.6216670e-01   5.4457550e-01   3.9835274e-01   5.5684314e-01   5.8232284e-01   4.9011577e-01   5.3342450e-01   7.1199393e-01   5.6485452e-01   4.9716877e-01   1.0000000e+00   1.6028610e-02
   0.0000000e+00   2.8958797e-01   5.1869573e-01   5.7304920e-01   5.4261377e-01   5.2068906e-01   5.1278049e-01   5.3726406e-01   6.0194206e-01   5.7260718e-01   9.2090074e-01   4.5040579e-01   0.0000000e+00   1.0000000e+00   1.6013447e-02
   8.2006692e-01   4.3379877e-01   5.0807717e-01   4.9777765e-01   4.8392528e-01   4.4268582e-01   5.1430711e-01   5.0822087e-01   5.0581897e-01   5.0882684e-01   2.1747590e-01   1.7637192e-01   9.6416194e-01   1.0000000e+00   1.5926002e-02
   8.8321530e-01   4.2228408e-01   5.0664370e-01   4.9036706e-01   4.8555714e-01   4.4673280e-01   5.1462811e-01   5.0937954e-01   5.0110588e-01   5.1137646e-01   1.4425597e-01   1.1272769e-01   9.8677597e-01   1.0000000e+00   1.5918781e-02
   6.6551727e-01   3.7951324e-01   5.1541943e-01   6.0635764e-01   4.6913705e-01   4.6399437e-01   4.9716328e-01   4.0870167e-01   4.9251693e-01   4.7500599e-01   4.2452081e-01   2.8802979e-01   8.8486571e-01   1.0000000e+00   1.5858087e-02
   6.1067850e-01   3.7890358e-01   5.1425629e-01   6.0731049e-01   4.6697304e-01   4.6835096e-01   4.9605604e-01   4.2348926e-01   4.9224442e-01   4.7419661e-01   4.8511080e-01   3.2846104e-01   8.3547027e-01   1.0000000e+00   1.5799756e-02
   4.2195366e-01   2.1787092e-01   3.8499309e-01   5.6742025e-01   5.8540791e-01   5.0351247e-01   5.2989360e-01   5.4132201e-01   5.1036325e-01   5.1042995e-01   7.6327187e-01   2.7191473e-01   6.3249436e-01   1.0000000e+00   1.5739997e-02
   2.9457642e-01   9.9559790e-01   3.7001192e-01   5.2908410e-01   4.5398193e-01   4.7421431e-01   5.3610643e-01   5.7600679e-01   5.1578284e-01   5.0857834e-01   6.3604141e-03   9.1981166e-01   4.5885026e-01   1.0000000e+00   1.5738226e-02
   3.1473447e-01   9.9562760e-01   3.6862715e-01   5.2746142e-01   4.5343145e-01   4.7733136e-01   5.3668268e-01   5.7519860e-01   5.1770045e-01   5.0490219e-01   6.2152040e-03   9.0491651e-01   4.8779075e-01   1.0000000e+00   1.5661831e-02
   5.3333551e-01   2.7986263e-01   4.4565071e-01   4.7082974e-01   5.9449639e-01   4.9827657e-01   5.5794462e-01   5.7841195e-01   5.1542603e-01   5.5459671e-01   6.2092408e-01   2.9202106e-01   7.6206917e-01   1.0000000e+00   1.5638870e-02
   6.4382901e-01   3.9794094e-01   5.1185862e-01   6.0628282e-01   4.7149132e-01   4.6717605e-01   4.9761024e-01   4.2288794e-01   4.8912653e-01   4.7608894e-01   4.3897773e-01   3.1677178e-01   8.6445965e-01   1.0000000e+00   1.5481155e-02
   4.6806994e-01   8.7667796e-01   5.4137206e-01   5.7561465e-01   4.7897752e-01   4.2088753e-01   5.4989378e-01   6.1799029e-01   5.7141412e-01   5.5371328e-01   1.4827503e-01   7.5583516e-01   6.9660913e-01   1.0000000e+00   1.5420362e-02
   6.7972103e-01   3.7015815e-01   5.2012599e-01   6.0921899e-01   4.6458169e-01   4.6451336e-01   4.9819784e-01   4.0957438e-01   4.9542813e-01   4.7603952e-01   4.1242617e-01   2.7106004e-01   8.9679119e-01   1.0000000e+00   1.5391594e-02
   2.5472229e-01   4.6641008e-01   3.8929809e-01   5.7497211e-01   5.8110043e-01   4.0441288e-01   5.7733586e-01   5.5719386e-01   5.7936118e-01   5.6180215e-01   7.2095745e-01   6.4862704e-01   4.1015509e-01   1.0000000e+00   1.5312762e-02
   3.4778882e-01   4.6106251e-01   5.7647424e-01   5.5542200e-01   4.5571463e-01   6.2127791e-01   4.2120766e-01   5.8957214e-01   5.6370923e-01   3.6572821e-01   6.7960909e-01   6.0117485e-01   5.5169756e-01   1.0000000e+00   1.5272986e-02
   6.8262652e-01   4.1809599e-01   5.0752937e-01   4.8909689e-01   4.8525296e-01   4.4604388e-01   5.1454039e-01   5.0956156e-01   5.0478448e-01   5.1199102e-01   3.8010395e-01   2.9302224e-01   8.8160130e-01   1.0000000e+00   1.5253490e-02
   2.1814816e-01   8.5131664e-01   5.3272457e-01   4.5646406e-01   5.5883294e-01   5.1746873e-01   4.8502594e-01   4.8868707e-01   6.1299037e-01   6.2405318e-01   2.2566056e-01   9.4858217e-01   3.4784055e-01   1.0000000e+00   1.5218103e-02
   1.6022117e-01   4.8673419e-01   5.1045607e-01   7.0212895e-01   4.7666092e-01   4.1022139e-01   5.7061117e-01   5.5120344e-01   5.9023941e-01   5.3039890e-01   7.4525355e-01   7.1482422e-01   2.6552320e-01   1.0000000e+00   1.5214679e-02
   2.3746716e-01   8.1750990e-01   5.3071238e-01   4.6306891e-01   5.5832556e-01   5.2115136e-01   4.7874779e-01   4.8909599e-01   6.1826360e-01   6.3378243e-01   2.7346811e-01   9.2772349e-01   3.7849317e-01   1.0000000e+00   1.5211584e-02
   9.5003486e-01   4.6171920e-01   5.0973527e-01   4.8639683e-01   4.8410454e-01   4.4937184e-01   5.1477528e-01   5.0943839e-01   5.0263966e-01   5.1976677e-01   5.8894847e-02   5.2206132e-02   1.0007107e+00   1.0000000e+00   1.5155835e-02
   5.1582161e-01   3.2818634e-01   4.5191471e-01   4.6948938e-01   5.9834138e-01   4.9175389e-01   5.7336865e-01   5.7340710e-01   5.1128126e-01   5.5897531e-01   6.1614098e-01   3.4911798e-01   7.4428053e-01   1.0000000e+00   1.5131237e-02
   1.5917497e-01   7.9761053e-01   5.0721675e-01   4.8079553e-01   5.1699372e-01   5.0245655e-01   3.9926979e-01   4.5182254e-01   4.6099786e-01   4.5612703e-01   3.0790100e-01   9.3565767e-01   2.5154912e-01   1.0000000e+00   1.5084627e-02
   6.8751466e-01   3.8265942e-01   5.1393326e-01   6.1126857e-01   4.6678804e-01   4.6592552e-01   4.9777185e-01   4.0909792e-01   4.9579491e-01   4.7494455e-01   3.9799002e-01   2.7291111e-01   9.0288025e-01   1.0000000e+00   1.5051347e-02
   7.8500575e-01   4.1938138e-01   5.1067056e-01   4.9814532e-01   4.8308321e-01   4.4406809e-01   5.1267819e-01   5.0850716e-01   5.0705457e-01   5.1137260e-01   2.6303211e-01   2.0361954e-01   9.4723645e-01   1.0000000e+00   1.4929920e-02
